762794162
1997004764
-1767188029
1819523536
1320615011
1567726296
-1279823873
-433294172
-368497414
163968503
503567370
-1227510935
-729092110
211868321
-1827738518
-1237336878
-892101777
-944275829
-1414665640
-1727123944
-840824226
-871147772
456350846
870760567
1784608474
-625447539
-1230099966
108521947
415241937
-24909393
1341045187
1218553051
-814883097
361292809
-2044671519
424070118
902303641
-167848280
497859458
603747259
-1241288539
-1204404581
-1829021997
741341470
-1499636055
-113425723
199445325
1890825672
-2134372598
-1708690444
-1439174599
86872222
1375514135
1669921330
1936001397
-1092494042
1779350381
1827062619
1836815480
-1962394058
1995327644
1776453359
1708122514
1300201453
1912405514
1409463081
-1064731272
1250991335
-1028388329
-312240304
663334656
-1665113428
-174629246
2141216588
1779797288
62024040
794091530
135771259
436007260
437736161
-793482152
-795273275
-1362638344
-1848933212
1793579547
-1362802451
940019978
-974466686
1796757365
-834842838
-175969443
-974076358
-1442788715
-681511178
-758271054
-364606089
389748900
1595332900
-1807747504
889888508
